11.714182415816152 Test loss (%)
95.9104938271605 Test accuracy (%)

                              precision    recall  f1-score   support

                     Alfalfa       1.00      1.00      1.00        13
                 Corn-notill       0.95      0.96      0.95       359
                Corn-mintill       0.93      0.95      0.94       209
                        Corn       0.89      0.93      0.91        58
               Grass-pasture       1.00      1.00      1.00       124
                 Grass-trees       0.99      1.00      1.00       187
         Grass-pasture-mowed       1.00      1.00      1.00         6
               Hay-windrowed       1.00      1.00      1.00       122
                        Oats       1.00      1.00      1.00         5
              Soybean-notill       0.87      0.96      0.91       242
             Soybean-mintill       0.98      0.91      0.95       617
               Soybean-clean       0.94      0.96      0.95       154
                       Wheat       1.00      1.00      1.00        53
                       Woods       0.99      0.98      0.98       324
Buildings-Grass-Trees-Drives       0.92      0.99      0.95        95
          Stone-Steel-Towers       1.00      1.00      1.00        24

                 avg / total       0.96      0.96      0.96      2592

[[ 13   0   0   0   0   0   0   0   0   0   0   0   0   0   0   0]
 [  0 345   4   0   0   0   0   0   0   7   3   0   0   0   0   0]
 [  0   0 199   7   0   0   0   0   0   1   1   1   0   0   0   0]
 [  0   4   0  54   0   0   0   0   0   0   0   0   0   0   0   0]
 [  0   0   0   0 124   0   0   0   0   0   0   0   0   0   0   0]
 [  0   0   0   0   0 187   0   0   0   0   0   0   0   0   0   0]
 [  0   0   0   0   0   0   6   0   0   0   0   0   0   0   0   0]
 [  0   0   0   0   0   0   0 122   0   0   0   0   0   0   0   0]
 [  0   0   0   0   0   0   0   0   5   0   0   0   0   0   0   0]
 [  0   2   1   0   0   0   0   0   0 233   4   2   0   0   0   0]
 [  0  12   8   0   0   1   0   0   0  26 563   6   0   1   0   0]
 [  0   1   1   0   0   0   0   0   0   2   2 148   0   0   0   0]
 [  0   0   0   0   0   0   0   0   0   0   0   0  53   0   0   0]
 [  0   0   0   0   0   0   0   0   0   0   0   0   0 316   8   0]
 [  0   0   0   0   0   0   0   0   0   0   0   0   0   1  94   0]
 [  0   0   0   0   0   0   0   0   0   0   0   0   0   0   0  24]]