17.791926952791805 Test loss (%)
93.63425925925925 Test accuracy (%)

                              precision    recall  f1-score   support

                     Alfalfa       1.00      1.00      1.00        13
                 Corn-notill       0.92      0.94      0.93       359
                Corn-mintill       0.89      0.90      0.90       209
                        Corn       0.85      0.95      0.89        58
               Grass-pasture       1.00      0.99      1.00       124
                 Grass-trees       1.00      1.00      1.00       187
         Grass-pasture-mowed       1.00      1.00      1.00         6
               Hay-windrowed       1.00      1.00      1.00       122
                        Oats       1.00      1.00      1.00         5
              Soybean-notill       0.80      0.96      0.87       242
             Soybean-mintill       0.99      0.85      0.91       617
               Soybean-clean       0.89      0.97      0.93       154
                       Wheat       1.00      1.00      1.00        53
                       Woods       1.00      0.96      0.98       324
Buildings-Grass-Trees-Drives       0.87      0.99      0.93        95
          Stone-Steel-Towers       1.00      1.00      1.00        24

                 avg / total       0.94      0.94      0.94      2592

[[ 13   0   0   0   0   0   0   0   0   0   0   0   0   0   0   0]
 [  0 336   6   2   0   0   0   0   0  12   3   0   0   0   0   0]
 [  0   2 189   8   0   0   0   0   0   2   2   6   0   0   0   0]
 [  0   3   0  55   0   0   0   0   0   0   0   0   0   0   0   0]
 [  0   0   0   0 123   0   0   0   0   0   0   0   0   0   1   0]
 [  0   0   0   0   0 187   0   0   0   0   0   0   0   0   0   0]
 [  0   0   0   0   0   0   6   0   0   0   0   0   0   0   0   0]
 [  0   0   0   0   0   0   0 122   0   0   0   0   0   0   0   0]
 [  0   0   0   0   0   0   0   0   5   0   0   0   0   0   0   0]
 [  0   3   1   0   0   0   0   0   0 233   3   2   0   0   0   0]
 [  0  21  16   0   0   0   0   0   0  44 526  10   0   0   0   0]
 [  0   2   0   0   0   0   0   0   0   2   0 150   0   0   0   0]
 [  0   0   0   0   0   0   0   0   0   0   0   0  53   0   0   0]
 [  0   0   0   0   0   0   0   0   0   0   0   0   0 311  13   0]
 [  0   0   0   0   0   0   0   0   0   0   0   0   0   1  94   0]
 [  0   0   0   0   0   0   0   0   0   0   0   0   0   0   0  24]]