10.096908506632387 Test loss (%)
97.80092592592592 Test accuracy (%)

                              precision    recall  f1-score   support

                     Alfalfa       1.00      1.00      1.00        13
                 Corn-notill       0.98      0.99      0.98       359
                Corn-mintill       0.99      0.96      0.97       209
                        Corn       0.92      0.93      0.92        58
               Grass-pasture       1.00      1.00      1.00       124
                 Grass-trees       0.99      1.00      1.00       187
         Grass-pasture-mowed       1.00      1.00      1.00         6
               Hay-windrowed       1.00      1.00      1.00       122
                        Oats       1.00      1.00      1.00         5
              Soybean-notill       0.94      0.97      0.95       242
             Soybean-mintill       0.98      0.97      0.97       617
               Soybean-clean       1.00      0.95      0.97       154
                       Wheat       1.00      1.00      1.00        53
                       Woods       0.99      0.99      0.99       324
Buildings-Grass-Trees-Drives       0.96      0.99      0.97        95
          Stone-Steel-Towers       0.96      1.00      0.98        24

                 avg / total       0.98      0.98      0.98      2592

[[ 13   0   0   0   0   0   0   0   0   0   0   0   0   0   0   0]
 [  0 354   1   0   0   0   0   0   0   2   2   0   0   0   0   0]
 [  0   0 201   5   0   0   0   0   0   2   1   0   0   0   0   0]
 [  0   3   1  54   0   0   0   0   0   0   0   0   0   0   0   0]
 [  0   0   0   0 124   0   0   0   0   0   0   0   0   0   0   0]
 [  0   0   0   0   0 187   0   0   0   0   0   0   0   0   0   0]
 [  0   0   0   0   0   0   6   0   0   0   0   0   0   0   0   0]
 [  0   0   0   0   0   0   0 122   0   0   0   0   0   0   0   0]
 [  0   0   0   0   0   0   0   0   5   0   0   0   0   0   0   0]
 [  0   0   0   0   0   1   0   0   0 235   6   0   0   0   0   0]
 [  0   6   1   0   0   0   0   0   0  12 596   0   0   2   0   0]
 [  0   0   0   0   0   0   0   0   0   0   6 146   0   0   1   1]
 [  0   0   0   0   0   0   0   0   0   0   0   0  53   0   0   0]
 [  0   0   0   0   0   0   0   0   0   0   0   0   0 321   3   0]
 [  0   0   0   0   0   0   0   0   0   0   0   0   0   1  94   0]
 [  0   0   0   0   0   0   0   0   0   0   0   0   0   0   0  24]]